--- pMCI_MRI (126 IDs) ---
101348,102449,1043845,105289,105516,109721,109914,112201,121648,121665,122301,122386,122394,123843,125042,131972,132224,132813,134931,137213,137284,142019,143474,143567,143865,149478,149593,149625,151037,151111,151283,157032,160163,160222,162131,162473,162668,162782,162919,165348,166983,167025,167029,171366,172069,176457,200359,201560,203312,204099,217977,218327,222739,229308,274702,293736,293742,293754,294798,295924,295934,295935,296517,296797,296799,297004,297011,297017,297279,297657,297902,297917,297919,299337,299354,300282,300292,300962,326613,326649,326665,332578,334123,334481,349554,349699,351552,353188,363046,364671,369644,370022,377041,394777,394794,395168,39784,398123,398283,400480,400486,402040,408313,408376,410882,411309,411316,411320,416103,418784,431746,432165,436811,439324,71481,78817,79567,83172,844781,845430,846950,87635,89747,92665,956932,97120

--- pMCI_PET (126 IDs) ---
100134,102099,103461,104818,105272,109419,109427,114455,116028,116945,117222,117580,117644,128773,128832,129550,131033,133137,134642,136627,137132,138073,139760,140343,141399,141729,142599,143825,145722,145759,146525,146552,147814,148443,152834,153169,155692,158133,158141,160795,160800,161805,165114,166015,167907,170871,173990,177684,185318,192036,192936,194440,196277,196762,197342,202848,203629,207700,207887,209714,213621,213636,221682,221925,223602,225616,227248,228535,228555,229772,233343,233351,234136,242038,242652,246701,250332,254413,257866,266119,26747,270622,274753,276611,27903,289825,291085,313329,313483,317839,321653,324213,337883,340448,341351,343043,347781,347863,349188,357458,357832,360395,363526,367857,368825,369962,374637,375752,385374,385718,389058,394985,396942,399752,402916,403574,403652,413031,429828,49412,58488,58633,78231,86488,86494,90166

--- sMCI_MRI (132 IDs) ---
101393,102813,103391,106462,106629,111103,121084,121670,122279,123114,123159,123878,123948,125940,128779,129584,132246,134076,135280,136201,142067,147512,147529,151328,160099,160231,160244,160587,162080,162255,162696,162710,163149,163688,172267,203712,204315,205473,223495,260259,274556,274700,281854,288924,291907,294847,295921,295925,296805,296992,297904,297913,298426,300281,314522,337455,337475,337500,33802,338595,338660,340569,34593,34756,349250,349288,349300,349537,349712,351533,351536,357755,358197,358487,371571,371573,376941,377928,382270,388316,388911,39153,392139,394798,394800,394809,398208,398343,398352,398354,400482,400993,403740,403749,403754,408327,411317,413097,413101,414447,427957,431762,431768,431772,432163,432758,434938,436812,52835,59579,63138,63645,65213,65279,68651,71610,71650,72782,74526,766469,79329,79359,80165,81471,82382,82728,83038,83143,91792,95683,99300,99305

--- sMCI_PET (132 IDs) ---
100285,102131,102747,102853,108506,109018,109478,112607,114396,116040,117268,119063,126074,128161,128983,131722,134646,134976,136102,136498,139894,146556,148462,148556,149212,150660,151092,153550,154590,158125,159659,159695,166174,168977,191552,194587,202054,208023,208638,209275,209995,216711,218239,219647,220233,228167,239754,245495,247733,260453,27264,285715,286525,29041,300415,30085,308813,308821,31032,315393,316271,317992,327768,332328,334309,334317,334325,334333,338570,347194,347367,351646,355011,355756,356262,356573,361852,362091,364394,364503,367677,379219,382992,383978,383982,385434,389333,391486,391892,391900,396470,396478,39750,401886,40214,402928,403644,403790,406048,410123,413560,413568,414550,418837,420440,423423,424366,42689,46777,57080,58436,58480,58942,60213,66390,68305,71064,74966,75206,77219,78593,79647,80867,81737,82957,84393,84459,85804,86296,95052,99156,99844

